20.83272
22.7
25.6
28.5
28.61
29.8019
31.4
31.4127
31.4149
31.5118
33.7
33.8
34.3
34.7
35.3
35.7048
35.7064
35.7065
35.7624
35.7628
35.7632
35.9
36.7
37.2
37.3
39.6
39.7632
42.5
44.7029
45.4
45.9
47.8
48.3
51.2
53.6
54.1
56.5
56.840557
57
59.511
59.5229
60
62.3
62.8
63.3
65.2
65.7
66.665
67.6
68.1
68.6
71
71.5
73.4
73.9
74.4
74.5049
74.9
76.3
76.32344
76.8
77.3
77.8
79.2
79.7
80.2
80.7
82.1
82.6
83.3155
83.3309
83.6
85
85.5
86
86.5
87.9
88.4
89.406
90.3
90.8
91.3
93.7
94.2
96.6
97.1
99
99.5
99.9775
99.979
99.99877
99.99928
100
100.002
101.9
102.4
102.9
104.3068
104.8
105.3
107.2
107.7
108.2
110.6
111.1
113
113.5
114
116.4
116.9
119.3
121.7
122.2
122.7
124.6
125.1
125.6
127.5
128
128.5
129.9
130.4
130.9
133.3
136.2
136.7
139.1
141.5
142
142.5
144.4
144.9
145.4
147.3
147.8
148.3
150.7
153.1
153.6
154.1
156.5
157
158.4
158.9
159.4
161.3
161.8
162.3
164.7
165.2
167.6
168.1
170.5
171
171.5
172
173.4
173.9
174.4
175.8
176.3
178.7
179.2
181.6
182.1
182.6
184.5
185
187.4
187.9
190.3
193.2
193.7
196.1
198.5
199
199.5
201.4
201.9
204.3
204.8
206.7
207.2
207.7
209.6
210.6
212.5
213
213.5
215.4
215.9
216.4
216.9
218.8
219.3
221.2
221.7
222.2
224.1
224.6
227.5
228
229.9
232.8
233.3
235.2
235.7
236.2
238.6
239.1
239.6
241
241.5
242
244.4
247.3
249.7
250.2
252.6
253.1
255.5
256
256.5
257.9
258.4
258.9
259.4
261.3
264.2
264.7
267.1
267.6
269.5
270
270.5
272.9
275.3
275.8
278.2
278.7
279.2
281.1
281.6
284
286.9
289.8
292.7
295.1
295.6
298
298.5
299.6
300.9
302.22
303.31
303.8
304.3
306.2
306.7
307.2
307.34
307.5
309.6
310.1
310.6
312.5
315.1
315.4
318.3
318.8
321.2
323.6
324.1
324.6
326.5
327
329.9
331.3
331.9
333.33
334.7
335.2
335.7
338.1
340.5
341
341.5
343.9
346.8
349.2
352.1
352.6
355.5
357.9
358.4
360.8
363.7
364.2
366.1
366.6
367.1
369.5
371.9
372.4
372.9
375.3
377.7
380.6
381.1
383.5
386.4
389.3
389.8
391.7
392.2
395.1
397.5
398
400.4
400.9
401.4
402.8
403.3
403.8
405.7
406.2
406.7
407.2
409.1
411.5
412
412.5
414.4
414.9
415.4
415.9
417.3
417.8
420.7
422.6
423.6
426.5
429.4
431.8
434.7
437.6
440.5
441
443.4
445.8
446.3
449.2
451.6
452.1
454
454.5
455
457.4
457.9
459.8
460.3
460.8
463.2
466.1
469
471.4
471.9
472.4
474.8
477.2
477.7
485.4
485.9
486.4
488.8
491.7
494.6
497
497.5
500.4
504
505.7
508.5
512
514.4
517.3
520.2
520.7
522.6
523.1
523.6
525.5
526
526.5
528.4
531.3
531.8
533.7
534.2
537.1
537.6
540
542.9
545.3
545.8
548.2
548.7
551.1
551.6
553.5
554
554.5
556.9
559.8
560.3
562.7
565.1
565.6
566.1
568
568.5
570.4
570.9
571.4
573.8
574.3
576.2
576.7
577.2
579.6
582
582.5
583
585.4
585.9
587.8
588.3
588.8
591.2
594.1
597
599.14
599.42
599.9
601.8
602.3
602.8
604.49
604.7
605.2
606.67
608.1
608.6
611
612.5
613.4
613.9
615.03
616.3
616.8
619.7
622.1
622.6
625
625.5
626
627.9
629.89
630.17
630.39
630.8
633.7
636.6
639.5
641.9
642.4
645.3
645.8
650.6
651.1
655.9
656.4
656.9
659.3
659.8
662.2
664.6
665.1
667
668
670.4
670.9
673.3
676.2
682
684.9
685.4
687.8
689.2
689.7
690.7
693.1
693.6
696
696.5
701.3
701.8
702.3
704.7
705.2
707.6
708.1
710.5
713.4
713.9
716.3
718.7
719.2
721.6
722.1
724.5
727.4
729.8
730.3
733.2
733.7
736.1
738.5
739
739.5
741.4
741.9
742.4
744.3
744.8
745.3
747.2
747.7
748.2
750.1
750.6
753
755.9
756.4
758.3
758.8
761.7
762.2
764.6
766.5
767
767.5
769.9
772.8
773.3
775.7
776.2
778.1
778.6
781.5
784.4
787.3
790.2
795
795.5
796
798.4
798.9
799.4
801.3
801.8
804.2
807.1
809.5
810
812.9
815.3
818.2
818.7
821.1
821.6
824
824.5
826.9
827.4
829.3
829.8
832.7
835.6
837.5
838
838.5
839
840.9
841.4
841.9
843.8
845.2
847.2
849.6
850.1
852.5
855.4
857.8
858.3
858.8
860.7
861.2
863.6
864.1
866.5
867
867.5
869.4
869.9
872.3
872.8
875.2
875.7
876.2
878.1
878.6
879.1
881
883.9
886.3
886.8
887.3
892.1
892.6
896
897.9
898.4
898.784
899.236
900.8
901.3
903.7
906.6
906.83
909.5
910.1
911.9
912.4
912.9
914.8
915.3
915.8
917.7
918.76
920.6
921.1
921.6
923.5
926.4
926.63
926.9
929.3
931.7
932.2
934.6
935.1
935.6
937.5
938
938.5
939.9
940.4
940.9
943.3
943.8
945.35
945.72
946.2
949.1
949.6
952
954.9
955.4
957.3
957.8
960.7
963.1
963.6
968.9
971.8
974.7
977.6
978.1
980.5
983.4
986.3
986.8
989.2
991.625
994.5
995
997.4
997.9
998.69
1000
1000.3
1002.7
1003.2
1003.7
1005.6
1006.1
1006.6
1009
1011.9
1014.8
1019
1020.1
1023
1025.4
1025.9
1026.4
1028.8
1031.7
1032.2
1034.1
1034.6
1036
1037
1037.5
1038
1039.4
1040.4
1045.7
1048.6
1051.5
1054.4
1057.3
1063.1
1065.5
1066
1066.5
1068.4
1068.9
1070.8
1071.3
1073.7
1074.2
1077.1
1080
1082.9
1083.1
1083.7
1085.3
1085.8
1088.2
1088.7
1094
1096.9
1099.8
1102.7
1103.2
1105.1
1105.6
1108
1108.5
1110.9
1113.8
1114.3
1116.7
1119.6
1120.1
1122
1122.5
1123
1124.9
1125.4
1125.9
1128.3
1130.7
1131.2
1134.1
1137
1138.9
1139.4
1139.9
1145.2
1148.1
1148.6
1151
1153.4
1153.9
1156.8
1159.7
1160.2
1162.1
1162.6
1165
1165.5
1167.9
1168.4
1170.8
1171.3
1173.7
1174.2
1176.6
1179.5
1181.9
1185.3
1187.7
1188.2
1190.6
1191.1
1194
1196.4
1196.9
1199.3
1202.2
1204.1
1205.1
1210.9
1211.4
1213.3
1213.8
1216.2
1218.1
1219.6
1222
1224.9
1225.2
1227.3
1227.8
1228.3
1230.2
1230.7
1233.6
1238.4
1238.9
1239.4
1241.8
1244.7
1245.2
1247.1
1247.6
1250.5
1252.9
1253.4
1255.8
1256.3
1261.6
1262.1
1264.5
1267.4
1267.9
1270.3
1270.8
1271.3
1273.2
1276.1
1276.6
1278
1278.5
1279
1279.5
1281.4
1281.9
1284.3
1284.8
1287.7
1289.6
1290.1
1290.6
1295.4
1295.9
1298.8
1299.3
1301.2
1301.7
1304.6
1307
1307.5
1309.9
1310.4
1310.9
1312.8
1315.7
1316.2
1318.1
1318.6
1319.1
1321.5
1323.4
1324.4
1327.3
1330.2
1331.2
1335.5
1338.4
1338.9
1339.4
1340.8
1341.3
1344.2
1347.1
1350
1352.9
1355.8
1358.2
1361.1
1361.6
1364
1364.5
1366.9
1369.8
1372.7
1375.6
1378
1378.5
1381.4
1383.8
1384.3
1386.2
1386.7
1387.2
1389.6
1392
1392.5
1395.4
1398.3
1401.2
1404.1
1406.5
1407
1409.4
1409.9
1412.3
1412.8
1415.2
1415.7
1418.1
1420.5
1421
1423.9
1426.3
1426.8
1427.3
1429.2
1429.7
1432.1
1435
1436
1437.9
1440.8
1443.7
1446.6
1447.1
1451.9
1452.4
1454.3
1455.3
1456.18
1456.84
1457.59
1457.7
1457.86
1458.2
1460.1
1460.6
1461.1
1461.41
1461.73
1461.86
1462.03
1462.31
1462.6
1463.1
1463.5
1464
1466.4
1467.48
1467.96
1469.3
1469.8
1470.38
1470.74
1470.83
1471.93
1472.2
1472.45
1472.53
1474.08
1474.6
1475.1
1475.25
1475.6
1476.38
1477.5
1478
1478.17
1478.65
1480.4
1483.3
1484
1484.3
1489.1
1489.6
1492
1494.9
1496
1500.7
1504
1506.5
1509.4
1511.1
1511.8
1512.3
1514.7
1517.6
1520.5
1523.4
1526.3
1526.8
1528.7
1529.2
1529.7
1531.6
1532.1
1534.5
1535
1537.4
1540.3
1542.7
1543.2
1546.1
1549
1550.9
1551.9
1554.3
1554.8
1557.7
1560.1
1560.6
1563
1563.5
1565.9
1568.3
1568.8
1571.2
1571.7
1574.6
1575.1
1577.5
1578
1580.4
1580.9
1582.8
1585.7
1588.6
1591
1591.5
1593.9
1594.4
1596.3
1596.8
1599.7
1600.2
1603.1
1606
1608.4
1611.3
1614.2
1617.1
1619
1619.5
1622.4
1622.9
1625.3
1625.8
1628.2
1628.7
1630.6
1631.1
1631.6
1636.9
1639.8
1642.7
1645.1
1645.6
1648.5
1651.4
1653.8
1656.7
1657.2
1659.6
1660.1
1662.5
1665.4
1667.8
1668.3
1670.2
1670.7
1671.2
1674.1
1676.5
1677
1679.9
1685.2
1685.7
1688.1
1688.6
1691
1691.5
1693.4
1693.9
1696.3
1696.8
1699.7
1702.1
1707.9
1708.4
1710.8
1711.3
1713.7
1716.6
1719.5
1720
1721.9
1722.4
1725.8
1727.7
1730.6
1731.1
1733.5
1736.4
1736.9
1738.8
1739.3
1739.8
1742.2
1744.6
1745.1
1747.5
1748
1750.4
1750.9
1751.4
1753.3
1753.8
1755.7
1756.2
1756.7
1759.1
1759.6
1761
1762
1764.4
1764.9
1767.8
1770.2
1770.7
1773.6
1776
1776.5
1778.4
1778.9
1779.4
1781.8
1782.3
1784.7
1787.6
1788.1
1790.5
1793.4
1795.8
1796.3
1798.7
1799.2
1801.1
1801.6
1802.6
1804.5
1805
1806.9
1807.4
1810.3
1813.2
1816.1
1819
1819.5
1820.9
1821.9
1824.8
1826.7
1827.2
1827.7
1829.6
1830.1
1830.6
1832.5
1833
1833.5
1835.4
1835.9
1838.3
1838.8
1841.2
1841.7
1844.1
1844.6
1847
1847.5
1852.8
1853.3
1855.7
1856.2
1858.6
1859.1
1861.5
1862
1864.4
1867.3
1867.8
1869.7
1870.2
1872.6
1873.1
1875.5
1876
1878.4
1881.3
1883.7
1884.2
1886.6
1887.1
1889
1889.5
1890
1890.5
1892.4
1892.9
1893.4
1895.3
1895.8
1898.7
1901.1
1901.6
1904
1906.9
1907.4
1909.3
1909.8
1910.3
1912.2
1912.7
1913.2
1915.1
1915.6
1919
1920.9
1921.4
1922.34
1922.93
1923.61
1923.8
1923.86
1924.3
1924.67
1924.92
1926.24
1926.7
1927.47
1928.46
1929.31
1929.6
1931.57
1932.14
1932.34
1932.5
1932.61
1933
1933.5
1935.4
1937.8
1938.3
1940.32
1940.66
1940.7
1941.025
1941.2
1941.35
1942.13
1942.18
1942.39
1943.78
1944.1
1944.13
1946.5
1946.73
1947
1947.71
1949.4
1951.8
1952.2
1952.3
1952.8
1953.88
1954.46
1954.605
1955.2
1955.7
1955.92
1957.33
1958.1
1958.16
1958.6
1958.955
1959.02
1960.5
1961
1962.2
1962.88
1963.4
1963.9
1964.4
1966.67
1966.8
1967.06
1967.32
1969.2
1969.7
1972.6
1973.22
1975
1976
1977.91
1978.4
1978.59
1980.8
1982.52
1983.1
1983.2
1983.7
1984.2
1985.46
1985.85
1986.21
1986.6
1986.64
1988.15
1988.36
1988.88
1989.84
1990.34
1991.4
1992.4
1994.8
1995.3
1997.2
1997.7
